90
750
4
121
791
615
420
356
470
589
696
773
878
1
709
724
198
539
488
609
540
203
678
678
22
56
56
39
1011
937
20
132
153
7
7
615
10
7
7
14
14
7
7
140
86
106
80
156
225
485
442
93
967
516
270
76
653
728
593
805
155
788
77
422
102
90
238
740
872
862
954
127
954
47
826
753
615
166
15
7
400
48
50
673
358
622
202
522
660
206
629
938
1000
208
224
107
178
292
1010
671
703
682
408
380
940
531
965
39
420
492
741
52
350
935
726
732
940
188
291
782
476
488
90
188
299
861
845
947
485
689
592
829
568
116
472
306
791
488
647
115
615
754
484
582
911
526
373
762
580
788
960
138
711
634
329
406
351
915
888
996
577
18
538
221
9
710
2
423
450
45
277
327
541
116
313
383
878
486
487
878
443
819
425
344
526
360
461
263
884
236
406
106
486
984
763
289
784
884
72
935
193
525
940
931
329
181
496
62
471
494
404
64
520
688
38
469
594
482
226
866
126
768
154
470
605
663
7
666
345
262
249
481
395
